true
WEISS
-1
-60000
-60000
false

12 28
52 36
5 26
57 42
11 19
62 45
1 18
42 32
26 17
61 25
6 12
32 17
8 17
51 35
28 35
45 35
2 11
25 34
4 6
55 39
18 35
59 35
12 18
35 42
11 20
34 20
13 20
39 31
15 23
53 45
20 28
58 44
3 21
42 34
21 13
34 13
5 13
48 40
18 35
44 35
28 35
60 51
10 26
50 42
35 42
51 42
17 25
56 59
0 3
59 27
6 5
63 59
13 11
59 43
5 12
42 50
12 20
43 41
25 33
40 33
26 33
41 33
3 2
50 51
2 26
33 35
26 27
35 27
11 10
27 25
20 11
25 17
11 20
45 37
10 11
51 43
20 21
43 35
14 22
36 28
21 29
17 19
11 19
28 19
22 31
19 11
29 37
